1.596187422618250764e+02 2.667516718935362130e-01
1.596112026358473202e+02 2.667526422593575752e-01
1.596034526767512887e+02 2.667536396440304269e-01
1.595954865488564849e+02 2.667546647942727889e-01
1.595872982563839173e+02 2.667557184771232048e-01
1.595788816391668945e+02 2.667568014804750365e-01
1.595702303682522825e+02 2.667579146136250801e-01
1.595613379413904909e+02 2.667590587078341735e-01
1.595521976784114315e+02 2.667602346169031802e-01
1.595428027164842888e+02 2.667614432177602968e-01
1.595331460052574641e+02 2.667626854110656254e-01
1.595232203018777852e+02 2.667639621218274026e-01
1.595130181658851143e+02 2.667652743000335502e-01
1.595025319539802524e+02 2.667666229212990459e-01
1.594917538146631557e+02 2.667680089875282823e-01
1.594806756827391609e+02 2.667694335275910822e-01
1.594692892736907197e+02 2.667708975980166430e-01
1.594575860779108325e+02 2.667724022837022479e-01
1.594455573547965912e+02 2.667739486986383524e-01
1.594331941266997319e+02 2.667755379866499355e-01
1.594204871727310433e+02 2.667771713221551710e-01
1.594074270224164707e+02 2.667788499109401412e-01
1.593940039492014193e+02 2.667805749909516466e-01
1.593802079638008706e+02 2.667823478331062814e-01
1.593660288073932065e+02 2.667841697421188263e-01
1.593514559446528835e+02 2.667860420573464619e-01
1.593364785566215573e+02 2.667879661536527447e-01
1.593210855334137364e+02 2.667899434422888461e-01
1.593052654667534398e+02 2.667919753717940545e-01
1.592890066423412634e+02 2.667940634289137636e-01
1.592722970320463673e+02 2.667962091395376656e-01
1.592551242859239267e+02 2.667984140696555428e-01
1.592374757240518193e+02 2.668006798263340418e-01
1.592193383281873196e+02 2.668030080587096564e-01
1.592006987332390793e+02 2.668054004590048600e-01
1.591815432185525765e+02 2.668078587635605015e-01
1.591618576990070437e+02 2.668103847538889073e-01
1.591416277159206629e+02 2.668129802577468013e-01
1.591208384277631467e+02 2.668156471502277638e-01
1.590994746006715275e+02 2.668183873548737317e-01
1.590775205987697802e+02 2.668212028448057049e-01
1.590549603742877309e+02 2.668240956438757139e-01
1.590317774574795919e+02 2.668270678278353847e-01
1.590079549463391118e+02 2.668301215255266534e-01
1.589834754961103727e+02 2.668332589200891891e-01
1.589583213085936961e+02 2.668364822501885225e-01
1.589324741212439562e+02 2.668397938112604950e-01
1.589059151960618124e+02 2.668431959567767464e-01
1.588786253082762698e+02 2.668466910995264674e-01
1.588505847348194777e+02 2.668502817129158045e-01
1.588217732425914619e+02 2.668539703322845291e-01
1.587921700765168112e+02 2.668577595562403593e-01
1.587617539473930890e+02 2.668616520480075471e-01
1.587305030195312270e+02 2.668656505367925647e-01
1.586983948981893207e+02 2.668697578191628339e-01
1.586654066168020449e+02 2.668739767604406676e-01
1.586315146240056606e+02 2.668783102961112541e-01
1.585966947704628467e+02 2.668827614332398013e-01
1.585609222954884103e+02 2.668873332519021702e-01
1.585241718134803648e+02 2.668920289066255003e-01
1.584864173001588483e+02 2.668968516278367176e-01
1.584476320786181418e+02 2.669018047233194246e-01
1.584077888051953380e+02 2.669068915796767860e-01
1.583668594551624551e+02 2.669121156637981329e-01
1.583248153082464000e+02 2.669174805243303972e-01
1.582816269339847395e+02 2.669229897931495454e-01
1.582372641769239578e+02 2.669286471868311250e-01
1.581916961416683876e+02 2.669344565081201992e-01
1.581448911777885940e+02 2.669404216473936220e-01
1.580968168645997309e+02 2.669465465841184271e-01
1.580474399958188201e+02 2.669528353882972271e-01
1.579967265641145104e+02 2.669592922219061748e-01
1.579446417455597782e+02 2.669659213403128839e-01
1.578911498840029140e+02 2.669727270936808616e-01
1.578362144753695588e+02 2.669797139283500709e-01
1.577797981519132691e+02 2.669868863881962873e-01
1.577218626664294732e+02 2.669942491159601472e-01
1.576623688764531437e+02 2.670018068545456646e-01
1.576012767284569236e+02 2.670095644482840536e-01
1.575385452420725869e+02 2.670175268441585259e-01
1.574741324943570078e+02 2.670256990929841256e-01
1.574079956041255173e+02 2.670340863505404339e-01
1.573400907163785121e+02 2.670426938786505389e-01
1.572703729868477183e+02 2.670515270462029411e-01
1.571987965666901346e+02 2.670605913301097867e-01
1.571253145873587869e+02 2.670698923161955451e-01
1.570498791456839172e+02 2.670794357000119690e-01
1.569724412891953307e+02 2.670892272875721174e-01
1.568929510017235600e+02 2.670992729959976719e-01
1.568113571893154585e+02 2.671095788540730487e-01
1.567276076665043547e+02 2.671201510026972037e-01
1.566416491429755240e+02 2.671309956952303555e-01
1.565534272106700087e+02 2.671421192977238013e-01
1.564628863313737099e+02 2.671535282890285523e-01
1.563699698248373409e+02 2.671652292607711310e-01
1.562746198574793368e+02 2.671772289171932546e-01
1.561767774317219732e+02 2.671895340748397518e-01
1.560763823760174773e+02 2.672021516620939341e-01
1.559733733356193568e+02 2.672150887185450463e-01
1.558676877641593421e+02 2.672283523941790251e-01
1.557592619160918446e+02 2.672419499483887906e-01
1.556480308400701631e+02 2.672558887487838097e-01
1.555339283733213165e+02 2.672701762697992089e-01
1.554168871370897023e+02 2.672848200910852290e-01
1.552968385332204377e+02 2.672998278956725815e-01
1.551737127419579281e+02 2.673152074678980528e-01
1.550474387210362863e+02 2.673309666910833604e-01
1.549179442061413567e+02 2.673471135449516090e-01
1.547851557128262243e+02 2.673636561027725733e-01
1.546489985399646514e+02 2.673806025282237653e-01
1.545093967748291561e+02 2.673979610719574573e-01
1.543662732998832610e+02 2.674157400678573993e-01
1.542195498013788608e+02 2.674339479289786770e-01
1.540691467798515077e+02 2.674525931431537273e-01
1.539149835626102458e+02 2.674716842682556828e-01
1.537569783183182039e+02 2.674912299271062777e-01
1.535950480737625981e+02 2.675112388020142729e-01
1.534291087329156369e+02 2.675317196289374588e-01
1.532590750983867167e+02 2.675526811912503078e-01
1.530848608953693031e+02 2.675741323131134997e-01
1.529063787981861537e+02 2.675960818524256157e-01
1.527235404595358546e+02 2.676185386933553345e-01
1.525362565425473633e+02 2.676415117384364772e-01
1.523444367557436294e+02 2.676650099002225724e-01
1.521479898910219219e+02 2.676890420924865066e-01
1.519468238647499447e+02 2.677136172209612641e-01
1.517408457620837794e+02 2.677387441736113205e-01
1.515299618846048020e+02 2.677644318104303589e-01
1.513140778013750491e+02 2.677906889527565948e-01
1.510930984035076960e+02 2.678175243721055421e-01
1.508669279623427997e+02 2.678449467785118387e-01
1.506354701913199108e+02 2.678729648083809090e-01
1.503986283116303468e+02 2.679015870118500176e-01
1.501563051217297868e+02 2.679308218396558305e-01
1.499084030707858233e+02 2.679606776295153092e-01
1.496548243361279731e+02 2.679911625920193274e-01
1.493954709047623339e+02 2.680222847960484489e-01
1.491302446590047737e+02 2.680540521537161935e-01
1.488590474662770191e+02 2.680864724048486747e-01
1.485817812731043546e+02 2.681195531010154842e-01
1.482983482033398559e+02 2.681533015891217064e-01
1.480086506606325258e+02 2.681877249945812669e-01
1.477125914351432243e+02 2.682228302040861601e-01
1.474100738145021694e+02 2.682586238479969243e-01
1.471010016989864937e+02 2.682951122823751811e-01
1.467852797208841196e+02 2.683323015706847725e-01
1.464628133679956932e+02 2.683701974651938049e-01
1.461335091112099178e+02 2.684088053881055203e-01
1.457972745360713986e+02 2.684481304124557988e-01
1.454540184782460699e+02 2.684881772428148738e-01
1.451036511627660559e+02 2.685289501958311731e-01
1.447460843469243059e+02 2.685704531806677453e-01
1.443812314666656391e+02 2.686126896793671892e-01
1.440090077863018792e+02 2.686556627272073672e-01
1.436293305513623295e+02 2.686993748930898707e-01
1.432421191443654038e+02 2.687438282600221884e-01
1.428472952432809961e+02 2.687890244057500322e-01
1.424447829824288476e+02 2.688349643835998282e-01
1.420345091155390946e+02 2.688816487035964875e-01
1.416164031806787307e+02 2.689290773139187407e-01
1.411903976667271081e+02 2.689772495827630894e-01
1.407564281810617501e+02 2.690261642806841547e-01
1.403144336180965297e+02 2.690758195634824212e-01
1.398643563282913362e+02 2.691262129557129845e-01
1.394061422872356388e+02 2.691773413348903521e-01
1.389397412643851339e+02 2.692292009164613531e-01
1.384651069910176489e+02 2.692817872396252588e-01
1.379821973269513649e+02 2.693350951540749993e-01
1.374909744255569137e+02 2.693891188077331411e-01
1.369914048965772224e+02 2.694438516355636692e-01
1.364834599662567882e+02 2.694992863495273561e-01
1.359671156342695895e+02 2.695554149297578750e-01
1.354423528269254575e+02 2.696122286170274385e-01
1.349091575461258969e+02 2.696697179065738470e-01
1.343675210135354803e+02 2.697278725433490676e-01
1.338174398094287767e+02 2.697866815187620615e-01
1.332589160056744504e+02 2.698461330689627680e-01
1.326919572923161752e+02 2.699062146747354674e-01
1.321165770972150426e+02 2.699669130630414915e-01
1.315327946982250467e+02 2.700282142102641281e-01
1.309406353273793115e+02 2.700901033471925783e-01
1.303401302665799051e+02 2.701525649657774419e-01
1.297313169342963874e+02 2.702155828276931460e-01
1.291142389627956675e+02 2.702791399747193624e-01
1.284889462654485612e+02 2.703432187409632315e-01
1.278554950936774048e+02 2.704078007669233896e-01
1.272139480831394422e+02 2.704728670154022407e-01
1.265643742887669418e+02 2.705383977892508174e-01
1.259068492083163449e+02 2.706043727509343522e-01
1.252414547941152705e+02 2.706707709438946896e-01
1.245682794527291293e+02 2.707375708156714578e-01
1.238874180323110181e+02 2.708047502427491371e-01
1.231989717974384604e+02 2.708722865570721838e-01
1.225030483912819506e+02 2.709401565741790252e-01
1.217997617849980259e+02 2.710083366228820401e-01
1.210892322142815232e+02 2.710768025764271338e-01
1.203715861030639616e+02 2.711455298850468654e-01
1.196469559743870406e+02 2.712144936098234704e-01
1.189154803485357803e+02 2.712836684577643043e-01
1.181773036285598977e+02 2.713530288179885619e-01
1.174325759733629297e+02 2.714225487989199714e-01
1.166814531585900312e+02 2.714922022663723289e-01
1.159240964255896529e+02 2.715619628824099130e-01
1.151606723187755392e+02 2.716318041448597120e-01
1.143913525117607293e+02 2.717016994273551145e-01
1.136163136226793426e+02 2.717716220197762822e-01
1.128357370191572784e+02 2.718415451689634166e-01
1.120498086134324609e+02 2.719114421195659159e-01
1.112587186481646313e+02 2.719812861548976946e-01
1.104626614735126822e+02 2.720510506376654924e-01
1.096618353160870072e+02 2.721207090504365045e-01
1.088564420404207027e+02 2.721902350357188194e-01
1.080466869036254138e+02 2.722596024355201094e-01
1.072327783039247606e+02 2.723287853302668871e-01
1.064149275237786867e+02 2.723977580769544327e-01
1.055933484683263828e+02 2.724664953464162043e-01
1.047682573998928461e+02 2.725349721595949348e-01
1.039398726693095938e+02 2.726031639227115555e-01
1.031084144448079627e+02 2.726710464612271956e-01
1.022741044392463579e+02 2.727385960525042230e-01
1.014371656364264851e+02 2.728057894570807829e-01
1.005978220172552824e+02 2.728726039484692945e-01
9.975629828649343267e+01 2.729390173414162901e-01
9.891281960082321234e+01 2.730050080185478234e-01
9.806761129895159002e+01 2.730705549553474887e-01
9.722089863444405466e+01 2.731356377434181470e-01
9.637290651196627778e+01 2.732002366119787862e-01
9.552385922758189452e+01 2.732643324475741431e-01
9.467398021373061567e+01 2.733279068119597865e-01
9.382349178948064150e+01 2.733909419581557754e-01
9.297261491661588195e+01 2.734534208446530723e-01
9.212156896208836088e+01 2.735153271477753223e-01
9.127057146732816761e+01 2.735766452722002695e-01
9.041983792486759342e+01 2.736373603596557458e-01
8.956958156270090399e+01 2.736974582958106028e-01
8.872001313675802692e+01 2.737569257153869007e-01
8.787134073183776195e+01 2.738157500055317661e-01
8.702376957130066160e+01 2.738739193074802847e-01
8.617750183578702661e+01 2.739314225165636607e-01
8.533273649118471837e+01 2.739882492806058889e-01
8.448966912603015089e+01 2.740443899967688890e-01
8.364849179849359473e+01 2.740998358069006713e-01
8.280939289305513284e+01 2.741545785914541455e-01
8.197255698694623050e+01 2.742086109620369694e-01
8.113816472639555855e+01 2.742619262526654333e-01
8.030639271267993706e+01 2.743145185097921046e-01
7.947741339795422277e+01 2.743663824811783392e-01
7.865139499079701579e+01 2.744175136036884344e-01
7.782850137138343882e+01 2.744679079900770868e-01
7.700889201616537605e+01 2.745175624148517013e-01
7.619272193191505949e+01 2.745664742992765528e-01
7.538014159896277988e+01 2.746146416956034564e-01
7.457129692343623617e+01 2.746620632705973897e-01
7.376632919828924173e+01 2.747087382884358386e-01
7.296537507288800839e+01 2.747546665930497567e-01
7.216856653090621876e+01 2.747998485899834642e-01
7.137603087626584397e+01 2.748442852278373261e-01
7.058789072684521670e+01 2.748879779793677591e-01
6.980426401566690231e+01 2.749309288223011349e-01
6.902526399926651379e+01 2.749731402199350749e-01
6.825099927293565827e+01 2.750146151015800955e-01
6.748157379252702981e+01 2.750553568429034978e-01
6.671708690250282814e+01 2.750953692462303479e-01
6.595763336990647474e+01 2.751346565208533934e-01
6.520330342393388889e+01 2.751732232634024333e-01
6.445418280078131090e+01 2.752110744383218788e-01
6.371035279344709323e+01 2.752482153584954738e-01
6.297189030616601002e+01 2.752846516660640286e-01
6.223886791315880629e+01 2.753203893134721914e-01
6.151135392138295543e+01 2.753554345447799534e-01
6.078941243697567387e+01 2.753897938772698617e-01
6.007310343508712691e+01 2.754234740833813033e-01
5.936248283280522742e+01 2.754564821729962865e-01
5.865760256488557189e+01 2.754888253761050287e-01
5.795851066200290092e+01 2.755205111258653417e-01
5.726525133125185363e+01 2.755515470420816238e-01
5.657786503863390237e+01 2.755819409151181731e-01
5.589638859327288145e+01 2.756117006902560895e-01
5.522085523311680788e+01 2.756408344525134169e-01
5.455129471188788415e+01 2.756693504119309135e-01
5.388773338705562566e+01 2.756972568893362729e-01
5.323019430861869949e+01 2.757245623025906811e-01
5.257869730848720025e+01 2.757512751533188755e-01
5.193325909027346654e+01 2.757774040141302008e-01
5.129389331930318008e+01 2.758029575163281621e-01
5.066061071267397864e+01 2.758279443381074225e-01
5.003341912919561452e+01 2.758523731932365775e-01
4.941232365905617741e+01 2.758762528202235997e-01
4.879732671307044711e+01 2.758995919719605672e-01
4.818842811137329107e+01 2.759223994058382368e-01
4.758562517143180060e+01 2.759446838743273012e-01
4.698891279526041131e+01 2.759664541160166129e-01
4.639828355572758767e+01 2.759877188471040466e-01
4.581372778185754413e+01 2.760084867533226793e-01
4.523523364303297001e+01 2.760287664823039555e-01
4.466278723201621403e+01 2.760485666363564627e-01
4.409637264671366097e+01 2.760678957656577115e-01
4.353597207061324781e+01 2.760867623618457611e-01
4.298156585183599532e+01 2.761051748519942617e-01
4.243313258074544336e+01 2.761231415929700783e-01
4.189064916606741207e+01 2.761406708661490739e-01
4.135409090947929656e+01 2.761577708724879954e-01
4.082343157863098781e+01 2.761744497279353117e-01
4.029864347856926088e+01 2.761907154591701219e-01
3.977969752153865102e+01 2.762065759996562564e-01
3.926656329513966881e+01 2.762220391860016333e-01
3.875920912882901348e+01 2.762371127546066618e-01
3.825760215874928605e+01 2.762518043385951416e-01
3.776170839088310771e+01 2.762661214650103392e-01
3.727149276252698229e+01 2.762800715522671924e-01
3.678691920208564170e+01 2.762936619078500411e-01
3.630795068719123719e+01 2.763068997262420612e-01
3.583454930115285464e+01 2.763197920870760216e-01
3.536667628774739569e+01 2.763323459534973159e-01
3.490429210436288088e+01 2.763445681707242807e-01
3.444735647350930208e+01 2.763564654648005270e-01
3.399582843271420529e+01 2.763680444415235193e-01
3.354966638282049018e+01 2.763793115855461280e-01
3.310882813470890085e+01 2.763902732596335010e-01
3.267327095446572827e+01 2.764009357040725368e-01
3.224295160702024532e+01 2.764113050362227431e-01
3.181782639827723713e+01 2.764213872501961600e-01
3.139785121576933591e+01 2.764311882166642920e-01
3.098298156785810065e+01 2.764407136827780609e-01
3.057317262151045867e+01 2.764499692721955615e-01
3.016837923867967319e+01 2.764589604852094595e-01
2.976855601132087159e+01 2.764676926989665939e-01
2.937365729506951695e+01 2.764761711677733436e-01
2.898363724161484711e+01 2.764844010234760452e-01
2.859844982979754135e+01 2.764923872759164070e-01
2.821804889546307749e+01 2.765001348134517589e-01
2.784238816010178397e+01 2.765076484035307591e-01
2.747142125830596981e+01 2.765149326933271090e-01
2.710510176407626659e+01 2.765219922104175110e-01
2.674338321600685120e+01 2.765288313635035911e-01
2.638621914138140312e+01 2.765354544431700701e-01
2.603356307920973833e+01 2.765418656226762417e-01
2.568536860223581186e+01 2.765480689587741514e-01
2.534158933794725144e+01 2.765540683925510335e-01
2.500217898861582455e+01 2.765598677502885128e-01
2.466709135039864620e+01 2.765654707443393479e-01
2.433628033152884740e+01 2.765708809740136109e-01
2.400969996962439623e+01 2.765761019264725284e-01
2.368730444814330482e+01 2.765811369776259299e-01
2.336904811201266341e+01 2.765859893930296409e-01
2.305488548245871172e+01 2.765906623287827104e-01
2.274477127106476004e+01 2.765951588324148114e-01
2.243866039308273841e+01 2.765994818437680358e-01
2.213650798002445086e+01 2.766036341958666434e-01
2.183826939155695257e+01 2.766076186157723771e-01
2.154390022672696503e+01 2.766114377254227930e-01
2.125335633453811823e+01 2.766150940424524363e-01
2.096659382390409831e+01 2.766185899809914805e-01
2.068356907300101000e+01 2.766219278524409964e-01
2.040423873804047616e+01 2.766251098662244612e-01
2.012855976148561155e+01 2.766281381305096265e-01
1.985648937973065031e+01 2.766310146529046832e-01
1.958798513026474453e+01 2.766337413411196211e-01
1.932300485833998138e+01 2.766363200035982239e-01
1.906150672316272932e+01 2.766387523501140921e-01
1.880344920362734840e+01 2.766410399923316388e-01
1.854879110361034478e+01 2.766431844443298371e-01
1.829749155684273632e+01 2.766451871230870552e-01
1.804951003137792043e+01 2.766470493489268101e-01
1.780480633367149323e+01 2.766487723459197245e-01
1.756334061228925592e+01 2.766503572422465140e-01
1.732507336125905795e+01 2.766518050705141785e-01
1.708996542308162958e+01 2.766531167680287284e-01
1.685797799141480624e+01 2.766542931770199498e-01
1.662907261344581400e+01 2.766553350448220372e-01
1.640321119196471855e+01 2.766562430240024351e-01
1.618035598715261614e+01 2.766570176724426622e-01
1.596046961809740239e+01 2.766576594533689537e-01
1.574351506404916456e+01 2.766581687353302788e-01
1.552945566542752509e+01 2.766585457921245661e-01
1.531825512459208305e+01 2.766587908026704179e-01
1.510987750638723881e+01 2.766589038508249776e-01
1.490428723847213455e+01 2.766588849251449544e-01
1.470144911144586075e+01 2.766587339185925809e-01
1.450132827877818542e+01 2.766584506281819511e-01
1.430389025655503410e+01 2.766580347545684049e-01
1.410910092304818697e+01 2.766574859015759613e-01
1.391692651811808901e+01 2.766568035756660771e-01
1.372733364245806165e+01 2.766559871853438435e-01
1.354028925668870365e+01 2.766550360405001796e-01
1.335576068030965402e+01 2.766539493516919634e-01
1.317371559051701979e+01 2.766527262293549949e-01
1.299412202089342294e+01 2.766513656829527323e-01
1.281694835997765480e+01 2.766498666200563061e-01
1.264216334972107703e+01 2.766482278453568644e-01
1.246973608383679633e+01 2.766464480596069753e-01
1.229963600604816598e+01 2.766445258584934730e-01
1.213183290824252580e+01 2.766424597314359191e-01
1.196629692853575122e+01 2.766402480603120662e-01
1.180299854925348413e+01 2.766378891181107691e-01
1.164190859483393403e+01 2.766353810675050151e-01
1.148299822965755546e+01 2.766327219593518461e-01
1.132623895580840134e+01 2.766299097311082367e-01
1.117160261077175321e+01 2.766269422051732541e-01
1.101906136507257550e+01 2.766238170871414548e-01
1.086858771985897043e+01 2.766205319639781779e-01
1.072015450443473839e+01 2.766170843021067416e-01
1.057373487374499632e+01 2.766134714454107080e-01
1.042930230581849216e+01 2.766096906131468303e-01
1.028683059917036324e+01 2.766057388977680720e-01
1.014629387016849904e+01 2.766016132626556434e-01
1.000766655036703590e+01 2.765973105397551146e-01
9.870923383809872220e+00 2.765928274271203802e-01
9.736039424307355361e+00 2.765881604863552612e-01
9.602990032688865085e+00 2.765833061399601278e-01
9.471750874034061241e+00 2.765782606685736611e-01
9.342297914885383747e+00 2.765730202081114197e-01
9.214607420444174579e+00 2.765675807467994907e-01
9.088655951752926399e+00 2.765619381220970618e-01
8.964420362865721970e+00 2.765560880175113589e-01
8.841877798009161182e+00 2.765500259592957311e-01
8.721005688735644412e+00 2.765437473130358814e-01
8.601781751071040816e+00 2.765372472801137516e-01
8.484183982658544565e+00 2.765305208940537773e-01
8.368190659900387018e+00 2.765235630167431902e-01
8.253780335099246912e+00 2.765163683345261414e-01
8.140931833600671297e+00 2.765089313541695404e-01
8.029624250938184105e+00 2.765012463986945557e-01
7.919836949982419938e+00 2.764933076030740011e-01
7.811549558095594037e+00 2.764851089097898895e-01
7.704741964292649570e+00 2.764766440642502099e-01
7.599394316410188921e+00 2.764679066100595439e-01
7.495487018284354264e+00 2.764588898841408016e-01
7.393000726938733003e+00 2.764495870117053555e-01
7.291916349783272189e+00 2.764399909010669121e-01
7.192215041825183341e+00 2.764300942382953430e-01
7.093878202892675233e+00 2.764198894817077590e-01
6.996887474872388601e+00 2.764093688561913842e-01
6.901224738961338367e+00 2.763985243473557896e-01
6.806872112934017061e+00 2.763873476955089892e-01
6.713811948425514764e+00 2.763758303894531809e-01
6.622026828231105888e+00 2.763639636600976335e-01
6.531499563623056837e+00 2.763517384738810589e-01
6.442213191685167040e+00 2.763391455260018614e-01
6.354150972665530972e+00 2.763261752334500443e-01
6.267296387348128661e+00 2.763128177278361686e-01
6.181633134443542232e+00 2.762990628480115340e-01
6.097145127999345604e+00 2.762849001324766962e-01
6.013816494830482640e+00 2.762703188115708253e-01
5.931631571970004124e+00 2.762553077994380768e-01
5.850574904140557919e+00 2.762398556857644794e-01
5.770631241246796606e+00 2.762239507272798988e-01
5.691785535889094305e+00 2.762075808390200282e-01
5.614022940898792946e+00 2.761907335853417966e-01
5.537328806895104094e+00 2.761733961706868135e-01
5.461688679864062479e+00 2.761555554300855198e-01
5.387088298759485028e+00 2.761371978193966625e-01
5.313513593126256040e+00 2.761183094052771514e-01
5.240950680745982915e+00 2.760988758548699185e-01
5.169385865305198280e+00 2.760788824252125018e-01
5.098805634086139627e+00 2.760583139523489771e-01
5.029196655680273409e+00 2.760371548401469588e-01
4.960545777724553851e+00 2.760153890488074580e-01
4.892840024660487508e+00 2.759930000830603802e-01
4.826066595516072866e+00 2.759699709800413348e-01
4.760212861710565235e+00 2.759462842968398721e-01
4.695266364882169086e+00 2.759219220977094378e-01
4.631214814738554786e+00 2.758968659409366531e-01
4.568046086930248606e+00 2.758710968653560469e-01
4.505748220946848903e+00 2.758445953765042979e-01
4.444309418036001880e+00 2.758173414324072148e-01
4.383718039145153789e+00 2.757893144289881304e-01
4.323962602885955242e+00 2.757604931850906049e-01
4.265031783521262554e+00 2.757308559271063331e-01
4.206914408974719244e+00 2.757003802731983200e-01
4.149599458862712531e+00 2.756690432171119420e-01
4.093076062548786531e+00 2.756368211115635125e-01
4.037333497220219947e+00 2.756036896511968037e-01
3.982361185986827312e+00 2.755696238550981447e-01
3.928148696001765305e+00 2.755345980488608792e-01
3.874685736604274844e+00 2.754985858461903581e-01
3.821962157484248834e+00 2.754615601300351990e-01
3.769967946868443942e+00 2.754234930332425391e-01
3.718693229728256000e+00 2.753843559187171830e-01
3.668128266008899629e+00 2.753441193590867586e-01
3.618263448879842858e+00 2.753027531158492858e-01
3.569089303006397262e+00 2.752602261180033261e-01
3.520596482842234476e+00 2.752165064401467798e-01
3.472775770942763351e+00 2.751715612800310629e-01
3.425618076299156378e+00 2.751253569355664452e-01
3.379114432692875702e+00 2.750778587812608977e-01
3.333255997070588617e+00 2.750290312440899498e-01
3.288034047939219828e+00 2.749788377787796279e-01
3.243439983781062796e+00 2.749272408424973668e-01
3.199465321488735192e+00 2.748742018689407374e-01
3.156101694819804848e+00 2.748196812418075563e-01
3.113340852870970732e+00 2.747636382676484357e-01
3.071174658571557359e+00 2.747060311480801764e-01
3.029595087196185865e+00 2.746468169513597846e-01
2.988594224896461871e+00 2.745859515833038444e-01
2.948164267251461634e+00 2.745233897575484194e-01
2.908297517836877066e+00 2.744590849651373232e-01
2.868986386812632183e+00 2.743929894434323224e-01
2.830223389528780498e+00 2.743250541443373880e-01
2.792001145149518138e+00 2.742552287018296120e-01
2.754312375295129289e+00 2.741834613987877978e-01
2.717149902701669006e+00 2.741096991331166133e-01
2.680506649898248384e+00 2.740338873831564825e-01
2.644375637901662746e+00 2.739559701723762175e-01
2.608749984928267818e+00 2.738758900333445601e-01
2.573622905122842752e+00 2.737935879709786358e-01
2.538987707304317443e+00 2.737090034250624915e-01
2.504837793728149187e+00 2.736220742320404353e-01
2.471166658865162624e+00 2.735327365860817928e-01
2.437967888196685085e+00 2.734409249994195212e-01
2.405235157025782833e+00 2.733465722619652372e-01
2.372962229304391268e+00 2.732496094002052622e-01
2.341142956476211623e+00 2.731499656353842398e-01
2.309771276335104151e+00 2.730475683409832599e-01
2.278841211898859687e+00 2.729423429995042616e-01
2.248346870298123967e+00 2.728342131585681507e-01
2.218282441680273109e+00 2.727231003863493375e-01
2.188642198128106564e+00 2.726089242263540213e-01
2.159420492593076002e+00 2.724916021515702558e-01
2.130611757842935994e+00 2.723710495180061697e-01
2.102210505423566023e+00 2.722471795176459874e-01
2.074211324634783082e+00 2.721199031308518812e-01
2.046608881519961454e+00 2.719891290782441851e-01
2.019397917869214520e+00 2.718547637720964416e-01
1.992573250235969207e+00 2.717167112672887463e-01
1.966129768966705216e+00 2.715748732118628550e-01
1.940062437243641025e+00 2.714291487972267936e-01
1.914366290140181226e+00 2.712794347080744184e-01
1.889036433688860983e+00 2.711256250720693317e-01
1.864068043961591981e+00 2.709676114093679256e-01
1.839456366161978718e+00 2.708052825820543852e-01
1.815196713729448019e+00 2.706385247435656449e-01
1.791284467454996587e+00 2.704672212881966686e-01
1.767715074608254611e+00 2.702912528007797577e-01
1.744484048075657823e+00 2.701104970066434130e-01
1.721586965509446676e+00 2.699248287219621623e-01
1.699019468487236173e+00 2.697341198046193100e-01
1.676777261681865916e+00 2.695382391057143390e-01
1.654856112041275473e+00 2.693370524218593465e-01
1.633251847978084426e+00 2.691304224484117880e-01
1.611960358568583773e+00 2.689182087338181093e-01
1.590977592760840054e+00 2.687002676352365227e-01
1.570299558591555122e+00 2.684764522756338256e-01
1.549922322411402931e+00 2.682466125025615433e-01
1.529842008118423191e+00 2.680105948488273881e-01
1.510054796399169952e+00 2.677682424952976814e-01
1.490556923977208958e+00 2.675193952360800931e-01
1.471344682868581000e+00 2.672638894463540971e-01
1.452414419643835775e+00 2.670015580531320820e-01
1.433762534696196633e+00 2.667322305092556523e-01
1.415385481515431421e+00 2.664557327709460299e-01
1.397279765966966458e+00 2.661718872792516732e-01
1.379441945575766937e+00 2.658805129457540439e-01
1.361868628814506987e+00 2.655814251429134965e-01
1.344556474395489643e+00 2.652744356994618524e-01
1.327502190565796436e+00 2.649593529012667648e-01
1.310702534405123965e+00 2.646359814981187886e-01
1.294154311125693457e+00 2.643041227169146135e-01
1.277854373373690011e+00 2.639635742817330599e-01
1.261799620531557364e+00 2.636141304413255892e-01
1.245986998020538472e+00 2.632555820045681672e-01
1.230413496602790202e+00 2.628877163844403064e-01
1.215076151682377370e+00 2.625103176511318637e-01
1.199972042604451561e+00 2.621231665948879352e-01
1.185098291951870664e+00 2.617260407992391125e-01
1.170452064838518380e+00 2.613187147252769016e-01
1.156030568198555208e+00 2.609009598076595937e-01
1.141831050070798215e+00 2.604725445630544645e-01
1.127850798877455540e+00 2.600332347117389475e-01
1.114087142696365884e+00 2.595827933130994136e-01
1.100537448525932938e+00 2.591209809157807853e-01
1.087199121541912339e+00 2.586475557232512656e-01
1.074069604345201823e+00 2.581622737755543406e-01
1.061146376199798569e+00 2.576648891480193271e-01
1.048426952260074430e+00 2.571551541677104535e-01
1.035908882786535479e+00 2.566328196483767532e-01
1.023589752349246096e+00 2.560976351446616617e-01
1.011467179018120222e+00 2.555493492263126720e-01
9.995388135392941908e-01 2.549877097731013120e-01
9.878023384968595000e-01 2.544124642911392842e-01
9.762554674592426318e-01 2.538233602512266485e-01
9.648959441095925627e-01 2.532201454498260174e-01
9.537215413595970803e-01 2.526025683931925059e-01
9.427300604462119926e-01 2.519703787051218447e-01
9.319193300108807865e-01 2.513233275586918558e-01
9.212872051609111157e-01 2.506611681322900020e-01
9.108315665127800775e-01 2.499836560901005644e-01
9.005503192172754634e-01 2.492905500871186730e-01
8.904413919664944110e-01 2.485816122986193033e-01
8.805027359828875300e-01 2.478566089738652167e-01
8.707323239906800127e-01 2.471153110136799780e-01
8.611281491701974211e-01 2.463574945713369602e-01
8.516882240957954764e-01 2.455829416760313411e-01
8.424105796582985750e-01 2.447914408779939266e-01
8.332932639730952218e-01 2.439827879141076294e-01
8.243343412752084376e-01 2.431567863926410722e-01
8.155318908029658420e-01 2.423132484955005661e-01
8.068840056720884002e-01 2.414519956961390934e-01
7.983887917422995972e-01 2.405728594910157003e-01
7.900443664788195930e-01 2.396756821422426353e-01
7.818488578113534926e-01 2.387603174287878938e-01
7.738004029934716366e-01 2.378266314033462281e-01
7.658971474655300593e-01 2.368745031517279220e-01
7.581372437245333940e-01 2.359038255513619120e-01
7.505188502046141741e-01 2.349145060252651185e-01
7.430401301719972151e-01 2.339064672875988127e-01
7.356992506385756636e-01 2.328796480767186539e-01
7.284943812983994960e-01 2.318340038714349627e-01
7.214236934915477795e-01 2.307695075860282663e-01
7.144853592000134368e-01 2.296861502394376975e-01
7.076775500803091923e-01 2.285839415939269759e-01
7.009984365375980797e-01 2.274629107584805743e-01
6.944461868461575538e-01 2.263231067521561113e-01
6.880189663209755890e-01 2.251645990226406602e-01
6.817149365452125354e-01 2.239874779153445128e-01
6.755322546581296050e-01 2.227918550884743498e-01
6.694690727079231074e-01 2.215778638697213088e-01
6.635235370736786154e-01 2.203456595504199034e-01
6.576937879603680370e-01 2.190954196133259591e-01
6.519779589704971512e-01 2.178273438904977377e-01
6.463741767556057116e-01 2.165416546481557791e-01
6.408805607504056701e-01 2.152385965958374670e-01
6.354952229918598983e-01 2.139184368176461071e-01
6.302162680249792093e-01 2.125814646239183314e-01
6.250417928965683600e-01 2.112279913221975503e-01
6.199698872375692948e-01 2.098583499069882619e-01
6.149986334340378225e-01 2.084728946683753747e-01
6.101261068861796311e-01 2.070720007202205559e-01
6.053503763542470439e-01 2.056560634492778095e-01
6.006695043894684227e-01 2.042254978871953508e-01
5.960815478475850471e-01 2.027807380079946487e-01
5.915845584819643399e-01 2.013222359542028161e-01
5.871765836127100791e-01 1.998504611953986765e-01
5.828556668676534436e-01 1.983658996234516636e-01
5.786198489906272391e-01 1.968690525892307364e-01
5.744671687120014303e-01 1.953604358859973578e-01
5.703956636760614263e-01 1.938405786850780910e-01
5.664033714195073621e-01 1.923100224297398519e-01
5.624883303950946045e-01 1.907693196934473201e-01
5.586485810342426417e-01 1.892190330088719952e-01
5.548821668423263853e-01 1.876597336741556432e-01
5.511871355202976330e-01 1.860920005429714530e-01
5.475615401063188559e-01 1.845164188049331355e-01
5.440034401311456547e-01 1.829335787628121879e-01
5.405109027811479949e-01 1.813440746128884840e-01
5.370820040630600589e-01 1.797485032345682576e-01
5.337148299647775929e-01 1.781474629951429467e-01
5.304074776068449237e-01 1.765415525752736248e-01
5.271580563795867924e-01 1.749313698204368051e-01
5.239646890612265073e-01 1.733175106231976959e-01
5.208255129127297156e-01 1.717005678407662328e-01
5.177386807455270912e-01 1.700811302518617507e-01
5.147023619587155485e-01 1.684597815564718992e-01
5.117147435427761293e-01 1.668370994216286651e-01
5.087740310472941285e-01 1.652136545758710329e-01
5.058784495106156687e-01 1.635900099546034603e-01
5.030262443498005887e-01 1.619667198981081802e-01
5.002156822096613942e-01 1.603443294035318822e-01
4.974450517700755858e-01 1.587233734317453349e-01
4.947126645111398213e-01 1.571043762695671919e-01
4.920168554360963009e-01 1.554878509474715009e-01
4.893559837522809541e-01 1.538742987125320261e-01
4.867284335106509818e-01 1.522642085560379221e-01
4.841326142047172043e-01 1.506580567949112326e-01
4.815669613299404239e-01 1.490563067057888158e-01
4.790299369048544031e-01 1.474594082103865833e-01
4.765200299553663532e-01 1.458677976105596796e-01
4.740357569638054547e-01 1.442818973712841901e-01
4.715756622844206603e-01 1.427021159496349723e-01
4.691383185271037481e-01 1.411288476677129144e-01
4.667223269111638317e-01 1.395624726273626826e-01
4.643263175910172791e-01 1.380033566644632004e-01
4.619489499556478918e-01 1.364518513405041378e-01
4.595889129036823118e-01 1.349082939691432226e-01
4.572449250958808276e-01 1.333730076754205407e-01
4.549157351867756383e-01 1.318463014853106241e-01
4.526001220371321798e-01 1.303284704433218255e-01
4.502968949087895467e-01 1.288197957558779028e-01
4.480048936433564388e-01 1.273205449582734405e-01
4.457229888261086681e-01 1.258309721030476669e-01
4.434500819363079160e-01 1.243513179676864894e-01
4.411851054850434717e-01 1.228818102796464251e-01
4.389270231415395296e-01 1.214226639567607818e-01
4.366748298487491686e-01 1.199740813611871321e-01
4.344275519288988141e-01 1.185362525651356136e-01
4.321842471795015461e-01 1.171093556267093910e-01
4.299440049602261116e-01 1.156935568742876036e-01
4.277059462708448501e-01 1.142890111979645434e-01
4.254692238203646726e-01 1.128958623466618794e-01
4.232330220872942417e-01 1.115142432296169217e-01
4.209965573708749909e-01 1.101442762210403381e-01
4.187590778329828844e-01 1.087860734668314039e-01
4.165198635302810870e-01 1.074397371923180022e-01
4.142782264361029032e-01 1.061053600100790861e-01
4.120335104514368241e-01 1.047830252269838641e-01
4.097850914042908133e-01 1.034728071496590213e-01
4.075323770366415799e-01 1.021747713876767633e-01
4.052748069780831575e-01 1.008889751538148000e-01
4.030118527052458099e-01 9.961546756082040321e-02
4.007430174859897276e-01 9.835428991416382549e-02
3.984678363073447804e-01 9.710547600032931603e-02
3.961858757861371760e-01 9.586905237025383775e-02
3.938967340612217760e-01 9.464503861756470848e-02
3.916000406662408229e-01 9.343344765133070051e-02
3.892954563818258884e-01 9.223428596307539640e-02
3.869826730661764524e-01 9.104755388784901982e-02
3.846614134629889326e-01 8.987324585919817532e-02
3.823314309857255844e-01 8.871135065789922947e-02
3.799925094772853562e-01 8.756185165436566886e-02
3.776444629441834122e-01 8.642472704466308553e-02
3.752871352644153724e-01 8.529995008009318147e-02
3.729203998682725230e-01 8.418748929034035322e-02
3.705441593914464149e-01 8.308730870018660175e-02
3.681583452998685169e-01 8.199936803983134959e-02
3.657629174858291754e-01 8.092362294886457086e-02
3.633578638350252188e-01 7.986002517395789091e-02
3.609431997643126055e-01 7.880852276035898996e-02
3.585189677300482658e-01 7.776906023727651884e-02
3.560852367070394542e-01 7.674157879726524467e-02
3.536421016382463867e-01 7.572601646972122735e-02
3.511896828555028383e-01 7.472230828860773610e-02
3.487281254716748102e-01 7.373038645454238482e-02
3.462575987447821801e-01 7.275018049137349507e-02
3.437782954147616254e-01 7.178161739738600500e-02
3.412904310136730124e-01 7.082462179127461954e-02
3.387942431502679042e-01 6.987911605302389584e-02
3.362899907699884450e-01 6.894502045984114702e-02
3.337779533915552488e-01 6.802225331728127544e-02
3.312584303214483605e-01 6.711073108570830836e-02
3.287317398476636288e-01 6.621036850223235848e-02
3.261982184142601104e-01 6.532107869826384028e-02
3.236582197782848502e-01 6.444277331282086130e-02
3.211121141507581322e-01 6.357536260172390319e-02
3.185602873234876231e-01 6.271875554281211573e-02
3.160031397835296740e-01 6.187285993730647776e-02
3.134410858171982062e-01 6.103758250744819452e-02
3.108745526055538555e-01 6.021282899053176374e-02
3.083039793133503514e-01 5.939850422945019970e-02
3.057298161734525177e-01 5.859451225986800349e-02
3.031525235687408948e-01 5.780075639412887017e-02
3.005725711135452394e-01 5.701713930200592167e-02
2.979904367366338347e-01 5.624356308839506546e-02
2.954066057677725010e-01 5.547992936804833214e-02
2.928215700298591462e-01 5.472613933744254616e-02
2.902358269385826306e-01 5.398209384387060022e-02
2.876498786115377349e-01 5.324769345184344332e-02
2.850642309886615156e-01 5.252283850688409250e-02
2.824793929657981595e-01 5.180742919679123121e-02
2.798958755431448231e-01 5.110136561045054010e-02
2.773141909902356872e-01 5.040454779426235821e-02
2.747348520290639473e-01 4.971687580625801933e-02
2.721583710368355447e-01 4.903824976796925667e-02
2.695852592697632888e-01 4.836856991411370849e-02
2.670160261092210940e-01 4.770773664015990484e-02
2.644511783314586473e-01 4.705565054782726020e-02
2.618912194019940576e-01 4.641221248857991394e-02
2.593366487956824118e-01 4.577732360516824361e-02
2.567879613433495245e-01 4.515088537126952378e-02
2.542456466057866349e-01 4.453279962928048674e-02
2.517101882757687425e-01 4.392296862630941379e-02
2.491820636086738983e-01 4.332129504841693984e-02
2.466617428821585023e-01 4.272768205315213147e-02
2.441496888852375258e-01 4.214203330042801121e-02
2.416463564370265049e-01 4.156425298178358096e-02
2.391521919352823100e-01 4.099424584807326993e-02
2.366676329347983665e-01 4.043191723562851447e-02
2.341931077556033136e-01 3.987717309093277707e-02
2.317290351208224908e-01 3.932991999385082593e-02
2.292758238239845092e-01 3.879006517945462335e-02
2.268338724254529426e-01 3.825751655848372984e-02
2.244035689776073261e-01 3.773218273648192012e-02
2.219852907783108620e-01 3.721397303164878517e-02
2.195794041521308415e-01 3.670279749144370052e-02
2.171862642587354120e-01 3.619856690798287091e-02
2.148062149278038291e-01 3.570119283226513146e-02
2.124395885197633005e-01 3.521058758726588328e-02
2.100867058115983566e-01 3.472666427993556515e-02
2.077478759069436021e-01 3.424933681213886139e-02
2.054233961696425304e-01 3.377851989057291393e-02
2.031135521799033172e-01 3.331412903569821310e-02
2.008186177121815685e-01 3.285608058971978274e-02
1.985388547338756970e-01 3.240429172365287547e-02
1.962745134239149980e-01 3.195868044350758802e-02
1.940258322103096122e-01 3.151916559562788211e-02
1.917930378257114432e-01 3.108566687121710331e-02
1.895763453800452247e-01 3.065810481008486924e-02
1.873759584492578900e-01 3.023640080364707605e-02
1.851920691792382223e-01 2.982047709721111217e-02
1.830248584039747828e-01 2.941025679157863518e-02
1.808744957770108408e-01 2.900566384399590886e-02
1.787411399152894764e-01 2.860662306848265474e-02
1.766249385544793604e-01 2.821306013556930045e-02
1.745260287148936995e-01 2.782490157147045687e-02
1.724445368771423404e-01 2.744207475672483937e-02
1.703805791666626601e-01 2.706450792432719618e-02
1.683342615463137570e-01 2.669213015738096384e-02
1.663056800162330262e-01 2.632487138629690041e-02
1.642949208201774369e-01 2.596266238556298525e-02
1.623020606576137947e-01 2.560543477011137728e-02
1.603271669008262124e-01 2.525312099130498644e-02
1.583702978163626651e-01 2.490565433256813899e-02
1.564315027901503063e-01 2.456296890468325639e-02
1.545108225556494630e-01 2.422499964077481568e-02
1.526082894244452093e-01 2.389168229100276444e-02
1.507239275186978977e-01 2.356295341698409415e-02
1.488577530049127184e-01 2.323875038596332279e-02
1.470097743285098679e-01 2.291901136474994161e-02
1.451799924487082449e-01 2.260367531344061043e-02
1.433684010732683978e-01 2.229268197894420864e-02
1.415749868926588217e-01 2.198597188832519117e-02
1.397997298132484245e-01 2.168348634198195499e-02
1.380426031891476002e-01 2.138516740667503399e-02
1.363035740523460826e-01 2.109095790841926388e-02
1.345826033408286382e-01 2.080080142525448511e-02
1.328796461243639815e-01 2.051464227990688199e-02
1.311946518276976559e-01 2.023242553235480787e-02
1.295275644508905311e-01 1.995409697230937987e-02
1.278783227865787075e-01 1.967960311162268716e-02
1.262468606339441080e-01 1.940889117663343807e-02
1.246331070092057958e-01 1.914190910046011454e-02
1.230369863524696655e-01 1.887860551525205252e-02
1.214584187307799212e-01 1.861892974440635187e-02
1.198973200372468462e-01 1.836283179476038210e-02
1.183536021861332777e-01 1.811026234876710050e-02
1.168271733038000054e-01 1.786117275666088480e-02
1.153179379154316009e-01 1.761551502862169355e-02
1.138257971274671682e-01 1.737324182694301167e-02
1.123506488056865704e-01 1.713430645821124865e-02
1.108923877489064319e-01 1.689866286550149171e-02
1.094509058582540661e-01 1.666626562059510611e-02
1.080260923020041341e-01 1.643706991622525398e-02
1.066178336759627948e-01 1.621103155835356899e-02
1.052260141594053011e-01 1.598810695848395733e-02
1.038505156665744389e-01 1.576825312601651263e-02
1.024912179937551432e-01 1.555142766064568360e-02
1.011479989619558928e-01 1.533758874480650215e-02
9.982073455522437466e-02 1.512669513617150713e-02
9.850929905463987057e-02 1.491870616020177058e-02
9.721356516802641401e-02 1.471358170275469286e-02
9.593340415543473443e-02 1.451128220275053199e-02
9.466868595045267731e-02 1.431176864490080365e-02
9.341927927739838988e-02 1.411500255249962914e-02
9.218505176446367688e-02 1.392094598028054651e-02
9.096587005287341821e-02 1.372956150734025091e-02
8.976159990212805029e-02 1.354081223013028044e-02
8.857210629140757630e-02 1.335466175551889775e-02
8.739725351720553648e-02 1.317107419392312372e-02
8.623690528727440130e-02 1.299001415251293569e-02
8.509092481096035276e-02 1.281144672848798932e-02
8.395917488600376788e-02 1.263533750242741213e-02
8.284151798189208493e-02 1.246165253171384844e-02
8.173781631984126939e-02 1.229035834403158223e-02
8.064793194949239352e-02 1.212142193093959132e-02
7.957172682240420958e-02 1.195481074151970649e-02
7.850906286242367860e-02 1.179049267609970190e-02
7.745980203301999767e-02 1.162843608005205767e-02
7.642380640166175632e-02 1.146860973766772492e-02
7.540093820132114100e-02 1.131098286610535304e-02
7.439105988918730261e-02 1.115552510941568258e-02
7.339403420266724098e-02 1.100220653264060572e-02
7.240972421275862492e-02 1.085099761598734905e-02
7.143799337486904377e-02 1.070186924907657634e-02
7.047870557716431894e-02 1.055479272526485546e-02
6.953172518652110667e-02 1.040973973604066363e-02
6.859691709215877398e-02 1.026668236549341598e-02
6.767414674702895705e-02 1.012559308485544082e-02
6.676328020703201083e-02 9.986444747115876680e-03
6.586418416813645538e-02 9.849210581706364237e-03
6.497672600147025301e-02 9.713864189257797807e-03
6.410077378645294421e-02 9.580379536427296658e-03
6.323619634203901663e-02 9.448730950795285188e-03
6.238286325613567884e-02 9.318893115831443363e-03
6.154064491326315806e-02 9.190841065929367809e-03
6.070941252051972187e-02 9.064550181508975596e-03
5.988903813191189668e-02 8.939996184185873551e-03
5.907939467111385234e-02 8.817155132007403404e-03
5.828035595271074260e-02 8.696003414754039165e-03
5.749179670198691777e-02 8.576517749305975422e-03
5.671359257331285569e-02 8.458675175073820593e-03
5.594562016718486464e-02 8.342453049492683931e-03
5.518775704597232712e-02 8.227829043579123688e-03
5.443988174842144534e-02 8.114781137549877468e-03
5.370187380296680135e-02 8.003287616501882085e-03
5.297361373989927652e-02 7.893327066152804050e-03
5.225498310243519018e-02 7.784878368641026843e-03
5.154586445673541018e-02 7.677920698384835610e-03
5.084614140091496537e-02 7.572433517999539905e-03
5.015569857308866536e-02 7.468396574272105973e-03
4.947442165849313261e-02 7.365789894192543985e-03
4.880219739572397297e-02 7.264593781040971227e-03
4.813891358212952359e-02 7.164788810530092755e-03
4.748445907839555363e-02 7.066355827001919061e-03
4.683872381235965054e-02 6.969275939678284439e-03
4.620159878208918852e-02 6.873530518964320393e-03
4.557297605825560288e-02 6.779101192804053155e-03
4.495274878584034489e-02 6.685969843087720237e-03
4.434081118520062648e-02 6.594118602109658514e-03
4.373705855252819907e-02 6.503529849076467202e-03
4.314138725972897076e-02 6.414186206664523708e-03
4.255369475375142541e-02 6.326070537626147204e-03
4.197387955539260557e-02 6.239165941443873022e-03
4.140184125760574402e-02 6.153455751031985249e-03
4.083748052333724399e-02 6.068923529484837424e-03
4.028069908291471990e-02 5.985553066871056663e-03
3.973139973101162681e-02 5.903328377073183662e-03
3.918948632321032910e-02 5.822233694672070310e-03
3.865486377218399494e-02 5.742253471875188343e-03
3.812743804352082544e-02 5.663372375488607939e-03
3.760711615120747309e-02 5.585575283931569837e-03
3.709380615279365273e-02 5.508847284293400329e-03
3.658741714425493147e-02 5.433173669432057006e-03
3.608785925457113491e-02 5.358539935113490818e-03
3.559504364003920202e-02 5.284931777191672654e-03
3.510888247833429676e-02 5.212335088828184623e-03
3.462928896233734288e-02 5.140735957751275433e-03
3.415617729374251232e-02 5.070120663553504686e-03
3.368946267645905879e-02 5.000475675027488652e-03
3.322906130982258843e-02 4.931787647539310343e-03
3.277489038162734181e-02 4.864043420438884414e-03
3.232686806099344806e-02 4.797230014506818040e-03
3.188491349108100309e-02 4.731334629437362709e-03
3.144894678166183788e-02 4.666344641356608668e-03
3.101888900156140466e-02 4.602247600375823124e-03
3.059466217098016569e-02 4.539031228179071786e-03
3.017618925370551750e-02 4.476683415644836656e-03
2.976339414922386448e-02 4.415192220501103562e-03
2.935620168474128294e-02 4.354545865013321852e-03
2.895453760712326380e-02 4.294732733704957790e-03
2.855832857476004946e-02 4.235741371109946057e-03
2.816750214936752927e-02 4.177560479556792147e-03
2.778198678773016392e-02 4.120178916983731517e-03
2.740171183339341204e-02 4.063585694784487522e-03
2.702660750831373943e-02 4.007769975684377477e-03
2.665660490447100198e-02 3.952721071645983603e-03
2.629163597545158479e-02 3.898428441804349838e-03
2.593163352800710586e-02 3.844881690431033172e-03
2.557653121359428766e-02 3.792070564926590132e-03
2.522626351990289728e-02 3.739984953841292859e-03
2.488076576237496437e-02 3.688614884923397362e-03
2.453997407572191397e-02 3.637950523194790481e-03
2.420382540544366648e-02 3.587982169053546312e-03
2.387225749935352817e-02 3.538700256402895969e-03
2.354520889911453779e-02 3.490095350806475365e-03
2.322261893178960077e-02 3.442158147669193563e-03
2.290442770141063247e-02 3.394879470443588985e-03
2.259057608056952091e-02 3.348250268861203364e-03
2.228100570203411096e-02 3.302261617188540638e-03
2.197565895039335637e-02 3.256904712507487608e-03
2.167447895373341565e-02 3.212170873019556255e-03
2.137740957534857780e-02 3.168051536373860978e-03
2.108439540548930416e-02 3.124538258018361072e-03
2.079538175314941950e-02 3.081622709574005029e-03
2.051031463789598080e-02 3.039296677231633978e-03
2.022914078174261818e-02 2.997552060171034070e-03
1.995180760106969250e-02 2.956380869002122637e-03
1.967826319859265066e-02 2.915775224227768088e-03
1.940845635537996258e-02 2.875727354727926083e-03
1.914233652292355800e-02 2.836229596264964493e-03
1.887985381526183573e-02 2.797274390009630261e-03
1.862095900115809041e-02 2.758854281087593126e-03
1.836560349633496736e-02 2.720961917146146394e-03
1.811373935576602798e-02 2.683590046940769001e-03
1.786531926602654557e-02 2.646731518941383612e-03
1.762029653770335463e-02 2.610379279957881441e-03
1.737862509786586643e-02 2.574526373784763716e-03
1.714025948259852161e-02 2.539165939864595784e-03
1.690515482959540489e-02 2.504291211969928658e-03
1.667326687081849973e-02 2.469895516903575661e-03
1.644455192521923625e-02 2.435972273216846073e-03
1.621896689152478588e-02 2.402514989945567486e-03
1.599646924108939772e-02 2.369517265363639720e-03
1.577701701081066915e-02 2.336972785753782447e-03
1.556056879611234997e-02 2.304875324195416238e-03
1.534708374399268958e-02 2.273218739369215185e-03
1.513652154613969250e-02 2.241996974378288564e-03
1.492884243211305487e-02 2.211204055585652001e-03
1.472400716259276293e-02 2.180834091467759132e-03
1.452197702269522432e-02 2.150881271483958031e-03
1.432271381535615666e-02 2.121339864961507230e-03
1.412617985478100725e-02 2.092204219996078064e-03
1.393233795996265054e-02 2.063468762367442338e-03
1.374115144826612740e-02 2.035127994470117656e-03
1.355258412908092250e-02 2.007176494258855037e-03
1.336660029754004053e-02 1.979608914208634465e-03
1.318316472830642801e-02 1.952419980289101789e-03
1.300224266942595110e-02 1.925604490953103289e-03
1.282379983624730088e-02 1.899157316139250904e-03
1.264780240540835411e-02 1.873073396288247282e-03
1.247421700888859744e-02 1.847347741372763362e-03
1.230301072812787881e-02 1.821975429940775673e-03
1.213415108821058047e-02 1.796951608172045250e-03
1.196760605211543045e-02 1.772271488947665301e-03
1.180334401503042863e-02 1.747930350932444098e-03
1.164133379873235480e-02 1.723923537669926846e-03
1.148154464603102186e-02 1.700246456689950055e-03
1.132394621527722800e-02 1.676894578628457819e-03
1.116850857493468553e-02 1.653863436359506245e-03
1.101520219821510924e-02 1.631148624139223393e-03
1.086399795777603060e-02 1.608745796761551234e-03
1.071486712048130840e-02 1.586650668725694607e-03
